0.4820 0.4745
0.5258 0.5067
0.4770 0.5472
0.4193 0.5067
0.4252 0.4330
0.4840 0.4092
0.5577 0.4361
0.5766 0.5451
0.5278 0.6147
0.4721 0.6303
0.3814 0.6022
0.3436 0.5462
0.3376 0.4569
0.3645 0.3935
0.4262 0.3457
0.4900 0.3281
0.5796 0.3509
0.6324 0.3987
0.6603 0.5015
0.6484 0.5908
0.5896 0.6708
0.5288 0.7019
0.4681 0.7144
0.3745 0.6926
0.3067 0.6438
0.2749 0.5815
0.2589 0.4932
0.2699 0.4174
0.2968 0.3489
0.3655 0.2876
0.4342 0.2564
0.4940 0.2481
0.5866 0.2647
0.6563 0.3104
0.7041 0.3613
0.7340 0.4589
0.7420 0.5576
0.7171 0.6407
0.6623 0.7144
0.5956 0.7611
0.5318 0.7850
0.4611 0.7943
0.3685 0.7777
0.2898 0.7445
0.2310 0.6853
0.2031 0.6240
0.1812 0.5358
0.1832 0.4506
0.2091 0.3727
0.2340 0.3063
0.2988 0.2398
0.3655 0.2056
0.4362 0.1754
0.5009 0.1744
0.5896 0.1838
0.6663 0.2180
0.7270 0.2699
0.7699 0.3260
0.8087 0.4153
0.8247 0.5088
0.8137 0.6022
0.7868 0.6863
0.7460 0.7590
0.6802 0.8151
0.6045 0.8556
0.5328 0.8753
0.4561 0.8857
0.3695 0.8733
0.2848 0.8411
0.2131 0.7881
0.1613 0.7258
0.1264 0.6635
0.1065 0.5815
0.0986 0.4942
0.1135 0.4018
0.1364 0.3281
0.1693 0.2637
0.2330 0.1931
0.2988 0.1474
0.3645 0.1173
0.4412 0.0976
0.5069 0.0955
0.5896 0.1048
0.6693 0.1298
0.7400 0.1723
0.7978 0.2294
0.8456 0.2866
0.8784 0.3707
0.8984 0.4579
0.9073 0.5586
0.8914 0.6531
0.8585 0.7320
0.8197 0.8006
0.7669 0.8598
0.6932 0.9106
0.6175 0.9511
0.5338 0.9667
0.4511 0.9719
0.3595 0.9636
0.2838 0.9428
0.2041 0.8971
0.1364 0.8369
0.0876 0.7663
0.0498 0.7061
0.0318 0.6313
0.0219 0.5430
0.0258 0.4465
0.0428 0.3655
0.0677 0.2866
0.1045 0.2232
0.1553 0.1651
0.2250 0.1079
0.2938 0.0674
0.3635 0.0519
0.4402 0.0332
0.5109 0.0300
0.5896 0.0373
0.6523 0.0539
0.7350 0.0809
0.8067 0.1277
0.8665 0.1879
0.9163 0.2544
0.9472 0.3250
0.9701 0.3946
0.9750 0.4942
0.9711 0.5919
0.9600 0.6915
